0 0.421094 0.993056 0.421875 0.993056 0.422656 0.994444 0.423438 0.994444 0.424219 0.993056
0 0.407813 0.991667 0.407031 0.993056 0.407813 0.994444 0.408594 0.993056 0.410156 0.993056 0.409375 0.991667
0 0.398438 0.991667 0.397656 0.993056 0.398438 0.994444 0.400781 0.994444 0.401562 0.993056 0.400781 0.993056 0.400000 0.991667
0 0.407031 0.984722 0.407031 0.986111 0.410156 0.986111 0.409375 0.986111 0.408594 0.984722
0 0.399219 0.983333 0.398438 0.984722 0.397656 0.984722 0.397656 0.986111 0.401562 0.986111 0.401562 0.984722 0.400781 0.983333
0 0.427344 0.980556 0.426563 0.981944 0.427344 0.981944
0 0.392188 0.976389 0.391406 0.977778 0.392188 0.979167 0.392188 0.980556 0.392969 0.980556 0.393750 0.981944 0.396094 0.981944 0.394531 0.979167 0.394531 0.976389
0 0.396094 0.973611 0.396094 0.975000 0.396875 0.976389 0.396875 0.979167 0.397656 0.980556 0.403125 0.980556 0.403906 0.981944 0.403906 0.980556 0.403125 0.979167 0.403125 0.977778 0.402344 0.976389 0.396875 0.976389 0.396094 0.975000
0 0.392188 0.969444 0.392188 0.970833 0.392969 0.970833 0.392969 0.969444
0 0.399219 0.968056 0.398438 0.969444 0.397656 0.969444 0.397656 0.970833 0.402344 0.970833 0.402344 0.969444 0.401562 0.968056
0 0.386719 0.965278 0.386719 0.966667 0.389062 0.966667 0.389062 0.965278
0 0.399219 0.962500 0.400000 0.963889 0.400781 0.963889 0.401562 0.962500
0 0.431250 0.913889 0.430469 0.915278 0.429688 0.915278 0.429688 0.916667 0.430469 0.918056 0.431250 0.918056 0.432031 0.916667 0.432031 0.915278
0 0.446094 0.750000 0.445312 0.751389 0.446094 0.751389 0.446875 0.752778 0.447656 0.751389 0.449219 0.751389 0.448437 0.750000
0 0.444531 0.743056 0.445312 0.744444 0.448437 0.744444 0.448437 0.743056
0 0.485938 0.213889 0.485938 0.215278 0.486719 0.215278
0 0.364844 0.000000 0.364844 0.001389 0.361719 0.006944 0.360156 0.006944 0.356250 0.013889 0.356250 0.015278 0.355469 0.016667 0.354687 0.016667 0.353906 0.018056 0.353125 0.018056 0.353125 0.020833 0.351562 0.023611 0.351562 0.027778 0.350000 0.030556 0.349219 0.030556 0.343750 0.040278 0.343750 0.041667 0.344531 0.043056 0.344531 0.044444 0.341406 0.050000 0.340625 0.050000 0.338281 0.054167 0.326562 0.054167 0.325781 0.055556 0.319531 0.055556 0.317969 0.058333 0.314063 0.058333 0.314063 0.059722 0.313281 0.061111 0.312500 0.061111 0.310156 0.065278 0.307812 0.065278 0.307812 0.066667 0.306250 0.069444 0.305469 0.069444 0.302344 0.075000 0.302344 0.076389 0.299219 0.081944 0.299219 0.083333 0.297656 0.086111 0.297656 0.091667 0.294531 0.097222 0.294531 0.100000 0.293750 0.101389 0.293750 0.102778 0.292969 0.104167 0.292969 0.105556 0.292187 0.106944 0.292187 0.108333 0.290625 0.111111 0.292187 0.113889 0.291406 0.115278 0.291406 0.116667 0.290625 0.118056 0.289844 0.118056 0.289844 0.122222 0.288281 0.125000 0.288281 0.127778 0.289062 0.129167 0.289062 0.130556 0.288281 0.131944 0.288281 0.136111 0.289062 0.137500 0.289062 0.138889 0.288281 0.140278 0.288281 0.143056 0.289844 0.145833 0.289844 0.147222 0.289062 0.148611 0.289062 0.151389 0.289844 0.152778 0.289844 0.158333 0.291406 0.161111 0.290625 0.162500 0.290625 0.163889 0.289844 0.165278 0.290625 0.166667 0.292969 0.166667 0.294531 0.169444 0.300781 0.169444 0.301563 0.170833 0.310937 0.170833 0.312500 0.173611 0.313281 0.173611 0.314063 0.175000 0.315625 0.175000 0.316406 0.176389 0.316406 0.177778 0.315625 0.179167 0.313281 0.179167 0.309375 0.186111 0.309375 0.187500 0.307031 0.191667 0.307031 0.193056 0.305469 0.195833 0.305469 0.197222 0.304688 0.198611 0.304688 0.200000 0.303906 0.201389 0.303906 0.202778 0.302344 0.205556 0.300000 0.205556 0.299219 0.206944 0.297656 0.206944 0.296875 0.208333 0.295312 0.208333 0.294531 0.209722 0.293750 0.209722 0.292969 0.211111 0.290625 0.211111 0.289844 0.212500 0.288281 0.212500 0.287500 0.213889 0.285938 0.213889 0.285156 0.215278 0.283594 0.215278 0.282813 0.216667 0.281250 0.216667 0.280469 0.218056 0.279687 0.218056 0.278906 0.219444 0.273438 0.219444 0.272656 0.220833 0.268750 0.220833 0.267969 0.222222 0.264844 0.222222 0.264062 0.223611 0.261719 0.223611 0.260937 0.225000 0.259375 0.225000 0.258594 0.226389 0.256250 0.226389 0.255469 0.227778 0.250000 0.227778 0.248438 0.230556 0.246875 0.230556 0.246094 0.231944 0.245312 0.231944 0.244531 0.233333 0.243750 0.233333 0.242969 0.234722 0.242188 0.234722 0.239063 0.240278 0.239063 0.241667 0.237500 0.244444 0.237500 0.245833 0.234375 0.251389 0.235156 0.252778 0.235156 0.256944 0.234375 0.258333 0.234375 0.259722 0.233594 0.261111 0.233594 0.262500 0.230469 0.268056 0.230469 0.269444 0.227344 0.275000 0.227344 0.277778 0.224219 0.283333 0.223438 0.283333 0.222656 0.284722 0.221875 0.284722 0.219531 0.288889 0.217969 0.288889 0.217188 0.290278 0.214844 0.290278 0.213281 0.293056 0.212500 0.293056 0.210938 0.295833 0.210156 0.295833 0.208594 0.298611 0.204687 0.298611 0.204687 0.301389 0.201563 0.306944 0.200781 0.306944 0.200000 0.308333 0.199219 0.308333 0.196875 0.312500 0.196094 0.312500 0.192969 0.318056 0.192969 0.319444 0.192188 0.320833 0.192188 0.322222 0.190625 0.325000 0.190625 0.326389 0.189062 0.329167 0.189062 0.347222 0.189844 0.348611 0.189062 0.350000 0.189062 0.355556 0.189844 0.356944 0.189062 0.358333 0.189062 0.361111 0.190625 0.363889 0.190625 0.365278 0.191406 0.366667 0.192188 0.366667 0.192969 0.368056 0.192188 0.369444 0.192188 0.373611 0.192969 0.375000 0.192969 0.380556 0.193750 0.380556 0.195312 0.383333 0.195312 0.384722 0.196875 0.387500 0.196875 0.393056 0.197656 0.393056 0.200781 0.398611 0.200781 0.404167 0.201563 0.405556 0.202344 0.405556 0.203125 0.406944 0.203125 0.408333 0.204687 0.411111 0.204687 0.418056 0.205469 0.418056 0.207813 0.422222 0.207813 0.425000 0.208594 0.426389 0.208594 0.427778 0.209375 0.427778 0.210938 0.430556 0.210938 0.431944 0.211719 0.433333 0.212500 0.433333 0.213281 0.434722 0.213281 0.437500 0.215625 0.441667 0.215625 0.443056 0.217969 0.447222 0.217969 0.448611 0.217188 0.450000 0.218750 0.452778 0.218750 0.455556 0.219531 0.456944 0.219531 0.488889 0.220312 0.490278 0.219531 0.491667 0.219531 0.504167 0.220312 0.505556 0.219531 0.506944 0.219531 0.519444 0.220312 0.520833 0.219531 0.522222 0.219531 0.527778 0.220312 0.529167 0.220312 0.565278 0.221094 0.566667 0.221094 0.572222 0.221875 0.573611 0.221875 0.581944 0.222656 0.583333 0.222656 0.586111 0.223438 0.587500 0.222656 0.588889 0.222656 0.591667 0.223438 0.593056 0.223438 0.600000 0.224219 0.601389 0.224219 0.608333 0.225000 0.609722 0.225000 0.611111 0.225781 0.612500 0.225781 0.620833 0.226562 0.622222 0.226562 0.627778 0.227344 0.629167 0.227344 0.634722 0.228125 0.636111 0.228125 0.637500 0.228906 0.638889 0.228906 0.641667 0.229687 0.643056 0.229687 0.644444 0.230469 0.645833 0.230469 0.648611 0.231250 0.650000 0.231250 0.654167 0.232031 0.655556 0.232031 0.658333 0.233594 0.661111 0.233594 0.663889 0.234375 0.665278 0.234375 0.668056 0.235156 0.669444 0.235156 0.670833 0.235937 0.672222 0.235937 0.675000 0.239063 0.680556 0.239063 0.684722 0.243750 0.693056 0.243750 0.694444 0.242969 0.695833 0.242969 0.698611 0.242188 0.700000 0.242188 0.705556 0.241406 0.706944 0.241406 0.709722 0.240625 0.711111 0.240625 0.712500 0.239063 0.715278 0.239063 0.716667 0.236719 0.720833 0.236719 0.723611 0.235156 0.726389 0.235156 0.727778 0.234375 0.729167 0.234375 0.730556 0.233594 0.731944 0.233594 0.733333 0.232813 0.734722 0.232813 0.736111 0.232031 0.737500 0.232031 0.738889 0.231250 0.740278 0.231250 0.741667 0.230469 0.743056 0.230469 0.745833 0.229687 0.747222 0.229687 0.751389 0.228906 0.752778 0.228906 0.763889 0.228125 0.765278 0.228125 0.770833 0.227344 0.772222 0.227344 0.777778 0.226562 0.779167 0.226562 0.791667 0.225781 0.793056 0.225781 0.808333 0.225000 0.809722 0.225000 0.819444 0.224219 0.820833 0.224219 0.825000 0.223438 0.826389 0.223438 0.831944 0.222656 0.833333 0.222656 0.837500 0.221875 0.838889 0.221875 0.854167 0.222656 0.855556 0.222656 0.856944 0.225781 0.862500 0.225781 0.863889 0.228125 0.868056 0.228125 0.870833 0.228906 0.872222 0.228906 0.873611 0.228125 0.875000 0.228125 0.883333 0.228906 0.884722 0.228906 0.897222 0.229687 0.898611 0.229687 0.913889 0.230469 0.915278 0.230469 0.925000 0.231250 0.926389 0.231250 0.929167 0.232031 0.930556 0.232031 0.936111 0.232813 0.937500 0.232813 0.945833 0.233594 0.947222 0.233594 0.951389 0.232813 0.952778 0.232813 0.959722 0.233594 0.961111 0.233594 0.962500 0.232031 0.965278 0.232031 0.968056 0.230469 0.970833 0.230469 0.975000 0.228906 0.977778 0.228125 0.977778 0.229687 0.980556 0.229687 0.981944 0.228906 0.983333 0.228125 0.983333 0.227344 0.984722 0.227344 0.986111 0.228125 0.987500 0.228125 0.988889 0.229687 0.991667 0.229687 0.993056 0.230469 0.993056 0.231250 0.994444 0.232031 0.994444 0.232813 0.995833 0.234375 0.995833 0.235156 0.997222 0.235156 0.998611 0.241406 0.998611 0.241406 0.997222 0.242188 0.995833 0.252344 0.995833 0.253125 0.997222 0.253125 0.998611 0.256250 0.998611 0.257812 0.995833 0.262500 0.995833 0.263281 0.997222 0.264062 0.995833 0.268750 0.995833 0.269531 0.997222 0.269531 0.998611 0.272656 0.998611 0.272656 0.997222 0.273438 0.995833 0.296875 0.995833 0.297656 0.994444 0.298438 0.994444 0.299219 0.995833 0.300781 0.995833 0.302344 0.998611 0.303906 0.995833 0.305469 0.995833 0.306250 0.994444 0.307031 0.995833 0.309375 0.995833 0.310156 0.997222 0.310156 0.998611 0.311719 0.995833 0.315625 0.995833 0.317188 0.998611 0.367969 0.998611 0.368750 0.997222 0.369531 0.998611 0.378125 0.998611 0.379688 0.995833 0.382031 0.995833 0.382812 0.994444 0.383594 0.994444 0.383594 0.979167 0.384375 0.977778 0.382812 0.975000 0.382812 0.973611 0.382031 0.972222 0.382031 0.970833 0.381250 0.969444 0.381250 0.968056 0.382812 0.965278 0.382812 0.962500 0.385156 0.958333 0.385937 0.958333 0.386719 0.956944 0.387500 0.956944 0.388281 0.955556 0.389844 0.955556 0.390625 0.954167 0.392969 0.954167 0.393750 0.952778 0.396094 0.952778 0.396875 0.951389 0.397656 0.951389 0.399219 0.948611 0.400000 0.948611 0.400781 0.947222 0.401562 0.947222 0.402344 0.945833 0.403125 0.945833 0.403906 0.944444 0.405469 0.944444 0.405469 0.943056 0.410938 0.933333 0.411719 0.933333 0.412500 0.931944 0.413281 0.931944 0.417187 0.925000 0.417969 0.925000 0.417969 0.923611 0.419531 0.920833 0.421094 0.920833 0.421875 0.922222 0.422656 0.922222 0.423438 0.923611 0.423438 0.927778 0.421875 0.930556 0.421094 0.930556 0.420312 0.931944 0.419531 0.931944 0.417969 0.934722 0.418750 0.934722 0.419531 0.936111 0.421875 0.936111 0.423438 0.938889 0.423438 0.940278 0.425781 0.940278 0.426563 0.941667 0.426563 0.943056 0.425781 0.944444 0.422656 0.944444 0.419531 0.950000 0.417187 0.945833 0.414844 0.945833 0.412500 0.950000 0.410156 0.950000 0.408594 0.952778 0.407813 0.952778 0.407031 0.954167 0.409375 0.958333 0.407813 0.961111 0.407031 0.961111 0.406250 0.962500 0.407031 0.963889 0.409375 0.963889 0.411719 0.959722 0.413281 0.959722 0.414062 0.961111 0.414062 0.962500 0.414844 0.963889 0.416406 0.963889 0.417187 0.962500 0.417969 0.962500 0.417187 0.962500 0.416406 0.961111 0.414062 0.961111 0.413281 0.959722 0.413281 0.956944 0.414062 0.955556 0.415625 0.955556 0.416406 0.954167 0.417969 0.954167 0.419531 0.951389 0.421094 0.954167 0.421094 0.955556 0.420312 0.956944 0.419531 0.956944 0.418750 0.958333 0.419531 0.959722 0.420312 0.959722 0.421094 0.961111 0.421094 0.963889 0.422656 0.963889 0.423438 0.965278 0.424219 0.965278 0.425000 0.966667 0.428125 0.966667 0.428125 0.956944 0.429688 0.954167 0.430469 0.954167 0.429688 0.954167 0.428125 0.951389 0.428125 0.950000 0.428906 0.948611 0.429688 0.948611 0.430469 0.947222 0.431250 0.947222 0.431250 0.945833 0.429688 0.945833 0.428906 0.944444 0.428125 0.944444 0.427344 0.943056 0.427344 0.941667 0.428125 0.940278 0.431250 0.940278 0.432031 0.938889 0.429688 0.934722 0.432031 0.930556 0.431250 0.929167 0.429688 0.929167 0.428906 0.927778 0.428906 0.925000 0.429688 0.923611 0.431250 0.923611 0.431250 0.922222 0.429688 0.922222 0.428125 0.919444 0.426563 0.919444 0.425781 0.918056 0.425000 0.918056 0.424219 0.916667 0.423438 0.916667 0.422656 0.915278 0.422656 0.913889 0.423438 0.912500 0.424219 0.912500 0.425000 0.911111 0.425781 0.911111 0.425781 0.906944 0.427344 0.904167 0.428906 0.904167 0.429688 0.902778 0.429688 0.901389 0.430469 0.900000 0.430469 0.894444 0.431250 0.893056 0.431250 0.890278 0.432031 0.888889 0.432031 0.887500 0.432812 0.886111 0.432812 0.876389 0.435156 0.872222 0.435156 0.870833 0.433594 0.868056 0.434375 0.866667 0.434375 0.863889 0.433594 0.862500 0.433594 0.859722 0.434375 0.858333 0.434375 0.854167 0.433594 0.852778 0.435156 0.850000 0.435156 0.837500 0.435937 0.836111 0.435937 0.833333 0.436719 0.831944 0.436719 0.827778 0.437500 0.826389 0.437500 0.822222 0.438281 0.820833 0.438281 0.818056 0.439063 0.816667 0.439063 0.812500 0.438281 0.811111 0.438281 0.808333 0.439063 0.806944 0.439063 0.805556 0.438281 0.804167 0.438281 0.802778 0.437500 0.801389 0.437500 0.800000 0.436719 0.798611 0.436719 0.797222 0.435937 0.795833 0.435937 0.794444 0.435156 0.793056 0.434375 0.793056 0.433594 0.794444 0.432812 0.794444 0.432031 0.795833 0.431250 0.795833 0.430469 0.794444 0.430469 0.791667 0.432812 0.787500 0.435156 0.787500 0.435937 0.786111 0.434375 0.783333 0.434375 0.781944 0.435156 0.780556 0.435156 0.776389 0.434375 0.775000 0.436719 0.770833 0.435937 0.769444 0.435937 0.768056 0.435156 0.766667 0.437500 0.762500 0.436719 0.761111 0.436719 0.759722 0.437500 0.758333 0.437500 0.756944 0.438281 0.755556 0.438281 0.754167 0.439844 0.751389 0.439844 0.748611 0.439063 0.747222 0.439844 0.745833 0.440625 0.745833 0.441406 0.744444 0.441406 0.743056 0.442969 0.740278 0.442969 0.738889 0.444531 0.736111 0.446094 0.736111 0.445312 0.734722 0.444531 0.734722 0.443750 0.733333 0.443750 0.730556 0.442969 0.729167 0.442188 0.729167 0.440625 0.731944 0.439844 0.731944 0.439063 0.733333 0.438281 0.731944 0.438281 0.729167 0.437500 0.727778 0.438281 0.726389 0.438281 0.723611 0.442188 0.716667 0.442188 0.715278 0.442969 0.713889 0.442969 0.711111 0.443750 0.709722 0.443750 0.706944 0.444531 0.705556 0.444531 0.704167 0.446094 0.701389 0.446094 0.698611 0.446875 0.697222 0.446875 0.694444 0.448437 0.691667 0.448437 0.690278 0.451562 0.684722 0.453906 0.684722 0.454688 0.683333 0.455469 0.684722 0.460156 0.684722 0.460938 0.683333 0.462500 0.683333 0.463281 0.681944 0.465625 0.681944 0.466406 0.680556 0.467187 0.680556 0.467969 0.679167 0.469531 0.679167 0.470313 0.677778 0.471094 0.679167 0.474219 0.679167 0.475000 0.677778 0.477344 0.677778 0.478125 0.676389 0.478906 0.676389 0.479687 0.677778 0.482812 0.677778 0.485156 0.681944 0.487500 0.681944 0.488281 0.683333 0.489844 0.683333 0.490625 0.681944 0.497656 0.681944 0.497656 0.673611 0.500000 0.669444 0.500781 0.669444 0.501563 0.668056 0.503125 0.668056 0.503906 0.666667 0.505469 0.666667 0.505469 0.662500 0.506250 0.661111 0.506250 0.658333 0.507812 0.655556 0.513281 0.655556 0.514062 0.654167 0.516406 0.654167 0.517188 0.652778 0.517969 0.654167 0.523438 0.654167 0.524219 0.652778 0.526563 0.652778 0.527344 0.654167 0.528906 0.654167 0.531250 0.650000 0.532031 0.650000 0.533594 0.647222 0.534375 0.647222 0.535156 0.645833 0.537500 0.645833 0.537500 0.644444 0.539062 0.641667 0.539844 0.641667 0.542188 0.637500 0.544531 0.637500 0.544531 0.633333 0.546094 0.630556 0.546094 0.626389 0.548438 0.622222 0.548438 0.613889 0.550000 0.611111 0.550000 0.609722 0.551562 0.606944 0.552344 0.606944 0.553125 0.605556 0.553125 0.601389 0.554688 0.598611 0.554688 0.594444 0.555469 0.593056 0.555469 0.590278 0.554688 0.588889 0.553125 0.588889 0.552344 0.587500 0.547656 0.587500 0.546875 0.588889 0.546875 0.590278 0.545312 0.593056 0.540625 0.593056 0.539844 0.594444 0.538281 0.594444 0.538281 0.595833 0.535937 0.600000 0.533594 0.600000 0.532813 0.601389 0.529687 0.601389 0.528906 0.602778 0.527344 0.602778 0.524219 0.608333 0.522656 0.608333 0.521875 0.609722 0.517188 0.609722 0.516406 0.611111 0.515625 0.611111 0.515625 0.613889 0.514844 0.615278 0.514062 0.615278 0.512500 0.618056 0.510938 0.618056 0.510156 0.619444 0.510156 0.622222 0.509375 0.623611 0.507031 0.623611 0.506250 0.625000 0.500000 0.625000 0.496094 0.631944 0.494531 0.631944 0.493750 0.633333 0.492188 0.633333 0.490625 0.636111 0.490625 0.637500 0.489844 0.638889 0.485938 0.638889 0.485156 0.640278 0.484375 0.640278 0.484375 0.641667 0.483594 0.643056 0.483594 0.644444 0.482812 0.645833 0.482812 0.647222 0.482031 0.648611 0.476562 0.648611 0.475781 0.647222 0.474219 0.647222 0.473438 0.648611 0.469531 0.648611 0.468750 0.650000 0.468750 0.652778 0.467187 0.655556 0.464844 0.655556 0.464062 0.656944 0.453906 0.656944 0.453906 0.658333 0.454688 0.659722 0.456250 0.659722 0.457031 0.661111 0.456250 0.662500 0.454688 0.662500 0.453906 0.663889 0.453125 0.663889 0.450781 0.668056 0.449219 0.668056 0.448437 0.669444 0.447656 0.669444 0.446875 0.670833 0.439063 0.670833 0.438281 0.672222 0.437500 0.672222 0.436719 0.673611 0.436719 0.677778 0.435156 0.680556 0.432031 0.680556 0.431250 0.681944 0.432031 0.683333 0.432031 0.684722 0.431250 0.686111 0.421875 0.686111 0.419531 0.690278 0.416406 0.690278 0.416406 0.691667 0.415625 0.693056 0.407813 0.693056 0.407031 0.691667 0.408594 0.688889 0.407813 0.688889 0.406250 0.686111 0.406250 0.681944 0.407031 0.680556 0.407031 0.679167 0.407813 0.677778 0.411719 0.677778 0.411719 0.676389 0.410156 0.673611 0.410156 0.672222 0.410938 0.670833 0.411719 0.670833 0.412500 0.669444 0.412500 0.666667 0.411719 0.665278 0.412500 0.663889 0.418750 0.663889 0.419531 0.662500 0.421094 0.662500 0.422656 0.659722 0.423438 0.659722 0.424219 0.658333 0.425781 0.658333 0.426563 0.656944 0.427344 0.656944 0.428125 0.655556 0.430469 0.655556 0.431250 0.654167 0.433594 0.654167 0.434375 0.655556 0.435937 0.655556 0.436719 0.654167 0.439063 0.654167 0.439844 0.652778 0.441406 0.652778 0.442188 0.651389 0.442188 0.650000 0.442969 0.648611 0.445312 0.648611 0.446875 0.645833 0.448437 0.645833 0.449219 0.644444 0.450781 0.644444 0.450781 0.643056 0.452344 0.640278 0.452344 0.638889 0.453125 0.637500 0.453125 0.636111 0.452344 0.634722 0.453125 0.633333 0.453125 0.630556 0.454688 0.627778 0.455469 0.627778 0.456250 0.629167 0.457031 0.629167 0.457813 0.630556 0.458594 0.630556 0.458594 0.629167 0.460156 0.626389 0.464844 0.626389 0.465625 0.625000 0.472656 0.625000 0.473438 0.623611 0.477344 0.623611 0.478125 0.622222 0.479687 0.622222 0.480469 0.623611 0.482031 0.623611 0.482812 0.622222 0.482812 0.620833 0.485938 0.615278 0.486719 0.615278 0.487500 0.613889 0.489844 0.613889 0.491406 0.611111 0.492969 0.611111 0.493750 0.609722 0.496094 0.609722 0.496875 0.608333 0.498437 0.608333 0.500000 0.605556 0.500000 0.602778 0.501563 0.600000 0.505469 0.600000 0.507812 0.595833 0.508594 0.595833 0.509375 0.594444 0.510156 0.594444 0.510938 0.593056 0.512500 0.593056 0.513281 0.591667 0.514062 0.591667 0.514062 0.588889 0.513281 0.587500 0.514062 0.586111 0.514844 0.586111 0.515625 0.584722 0.521094 0.584722 0.522656 0.581944 0.522656 0.580556 0.523438 0.579167 0.523438 0.577778 0.524219 0.576389 0.524219 0.575000 0.525000 0.573611 0.525781 0.575000 0.527344 0.575000 0.528125 0.576389 0.528906 0.576389 0.529687 0.575000 0.530469 0.575000 0.529687 0.573611 0.529687 0.570833 0.530469 0.569444 0.530469 0.561111 0.526563 0.554167 0.525781 0.554167 0.524219 0.551389 0.524219 0.547222 0.523438 0.545833 0.523438 0.544444 0.522656 0.543056 0.522656 0.541667 0.521875 0.541667 0.521094 0.540278 0.521094 0.531944 0.521875 0.530556 0.521875 0.525000 0.521094 0.523611 0.521094 0.522222 0.517969 0.516667 0.515625 0.516667 0.514844 0.515278 0.514062 0.515278 0.513281 0.513889 0.508594 0.513889 0.507812 0.512500 0.502344 0.512500 0.501563 0.513889 0.500781 0.512500 0.495312 0.512500 0.494531 0.513889 0.488281 0.513889 0.487500 0.515278 0.484375 0.515278 0.483594 0.516667 0.482812 0.516667 0.480469 0.520833 0.480469 0.522222 0.478906 0.525000 0.478125 0.525000 0.478906 0.525000 0.479687 0.526389 0.480469 0.526389 0.481250 0.527778 0.481250 0.529167 0.480469 0.530556 0.474219 0.530556 0.473438 0.531944 0.470313 0.531944 0.469531 0.533333 0.471094 0.536111 0.470313 0.537500 0.467969 0.537500 0.467187 0.536111 0.466406 0.536111 0.466406 0.537500 0.467187 0.538889 0.467187 0.541667 0.466406 0.543056 0.466406 0.544444 0.465625 0.545833 0.464844 0.545833 0.464062 0.547222 0.462500 0.547222 0.461719 0.548611 0.460156 0.548611 0.459375 0.550000 0.458594 0.550000 0.457813 0.551389 0.457031 0.551389 0.456250 0.552778 0.454688 0.552778 0.453906 0.551389 0.453906 0.550000 0.454688 0.548611 0.453906 0.547222 0.453906 0.543056 0.453125 0.541667 0.453125 0.519444 0.452344 0.518056 0.452344 0.504167 0.451562 0.502778 0.451562 0.498611 0.452344 0.497222 0.451562 0.495833 0.451562 0.470833 0.450781 0.469444 0.450781 0.465278 0.446875 0.458333 0.447656 0.456944 0.447656 0.454167 0.448437 0.452778 0.448437 0.451389 0.449219 0.450000 0.449219 0.444444 0.448437 0.443056 0.448437 0.440278 0.447656 0.438889 0.447656 0.434722 0.446875 0.433333 0.446875 0.430556 0.446094 0.429167 0.446094 0.427778 0.445312 0.426389 0.445312 0.423611 0.444531 0.422222 0.444531 0.420833 0.443750 0.419444 0.443750 0.416667 0.442969 0.415278 0.442969 0.413889 0.442188 0.412500 0.442188 0.411111 0.441406 0.409722 0.441406 0.408333 0.439844 0.405556 0.439844 0.404167 0.439063 0.402778 0.439063 0.400000 0.437500 0.397222 0.437500 0.395833 0.436719 0.394444 0.436719 0.387500 0.435937 0.386111 0.435937 0.379167 0.435156 0.377778 0.435156 0.372222 0.433594 0.369444 0.433594 0.368056 0.432812 0.366667 0.432812 0.365278 0.432031 0.363889 0.432031 0.361111 0.429688 0.356944 0.429688 0.354167 0.428906 0.352778 0.428906 0.351389 0.428125 0.350000 0.428125 0.348611 0.427344 0.347222 0.427344 0.340278 0.426563 0.338889 0.426563 0.337500 0.424219 0.333333 0.424219 0.330556 0.423438 0.329167 0.422656 0.329167 0.421094 0.326389 0.421094 0.325000 0.419531 0.322222 0.419531 0.320833 0.418750 0.319444 0.418750 0.318056 0.417969 0.318056 0.416406 0.315278 0.416406 0.313889 0.414844 0.313889 0.410938 0.306944 0.410156 0.306944 0.409375 0.305556 0.408594 0.305556 0.407813 0.304167 0.407031 0.304167 0.405469 0.301389 0.405469 0.300000 0.403906 0.297222 0.402344 0.297222 0.401562 0.295833 0.400000 0.295833 0.398438 0.293056 0.398438 0.291667 0.396875 0.288889 0.396875 0.283333 0.397656 0.281944 0.399219 0.281944 0.400000 0.280556 0.403906 0.280556 0.404687 0.279167 0.405469 0.279167 0.406250 0.277778 0.406250 0.275000 0.408594 0.270833 0.409375 0.270833 0.410156 0.269444 0.410938 0.269444 0.412500 0.266667 0.414062 0.266667 0.414844 0.265278 0.417187 0.265278 0.417969 0.263889 0.419531 0.263889 0.420312 0.262500 0.420312 0.258333 0.422656 0.254167 0.423438 0.254167 0.424219 0.252778 0.425000 0.252778 0.427344 0.248611 0.428125 0.248611 0.428906 0.247222 0.429688 0.247222 0.431250 0.244444 0.432031 0.244444 0.433594 0.241667 0.435156 0.241667 0.435156 0.238889 0.435937 0.237500 0.435937 0.236111 0.438281 0.231944 0.439063 0.231944 0.439844 0.230556 0.439844 0.223611 0.440625 0.222222 0.440625 0.219444 0.442188 0.216667 0.442969 0.216667 0.443750 0.215278 0.443750 0.213889 0.442969 0.212500 0.444531 0.209722 0.445312 0.209722 0.446094 0.208333 0.450781 0.208333 0.450781 0.202778 0.451562 0.201389 0.451562 0.197222 0.454688 0.191667 0.454688 0.190278 0.457031 0.186111 0.457813 0.186111 0.458594 0.184722 0.459375 0.184722 0.459375 0.179167 0.460156 0.177778 0.460156 0.173611 0.461719 0.170833 0.464062 0.170833 0.464844 0.172222 0.466406 0.172222 0.467187 0.173611 0.467187 0.175000 0.467969 0.176389 0.467969 0.177778 0.468750 0.179167 0.468750 0.184722 0.469531 0.184722 0.470313 0.186111 0.471094 0.186111 0.473438 0.190278 0.473438 0.191667 0.475000 0.194444 0.475000 0.195833 0.475781 0.197222 0.475781 0.198611 0.478125 0.198611 0.478906 0.200000 0.481250 0.200000 0.482031 0.201389 0.484375 0.201389 0.485938 0.204167 0.485938 0.200000 0.486719 0.198611 0.486719 0.195833 0.485156 0.193056 0.485156 0.188889 0.483594 0.186111 0.483594 0.183333 0.482812 0.181944 0.482812 0.175000 0.482031 0.173611 0.482031 0.172222 0.482812 0.170833 0.482812 0.168056 0.482031 0.166667 0.482031 0.158333 0.484375 0.154167 0.484375 0.152778 0.485156 0.151389 0.485156 0.145833 0.485938 0.144444 0.486719 0.144444 0.488281 0.141667 0.488281 0.140278 0.489844 0.137500 0.489844 0.134722 0.490625 0.133333 0.490625 0.131944 0.492188 0.129167 0.492188 0.127778 0.496094 0.120833 0.496094 0.118056 0.496875 0.116667 0.496875 0.115278 0.497656 0.113889 0.497656 0.109722 0.498437 0.108333 0.498437 0.101389 0.499219 0.100000 0.499219 0.094444 0.500000 0.093056 0.500000 0.087500 0.500781 0.086111 0.500781 0.081944 0.501563 0.080556 0.501563 0.079167 0.502344 0.077778 0.502344 0.076389 0.503125 0.075000 0.503125 0.069444 0.502344 0.068056 0.503125 0.066667 0.503125 0.065278 0.503906 0.063889 0.503906 0.061111 0.504687 0.059722 0.504687 0.055556 0.503906 0.054167 0.503906 0.047222 0.503125 0.045833 0.502344 0.045833 0.501563 0.044444 0.502344 0.043056 0.502344 0.037500 0.501563 0.036111 0.501563 0.023611 0.500000 0.020833 0.500000 0.018056 0.499219 0.016667 0.499219 0.015278 0.498437 0.013889 0.498437 0.011111 0.497656 0.009722 0.497656 0.005556 0.496875 0.004167 0.496094 0.004167 0.493750 0.000000
